145551
145549
145547
145546
145545
145544
145542
145541
145540
145565
145564
145563
145562
145561
145560
145558
145557
145556
145572
145571
145569
145568
145575
145574
145573
145576
145577
145592
145591
145544
145542
145541
145540
145565
145564
145563
145562
145561
145560
145558
145557
145556
145572
145571
145569
145568
145575
145574
145573
145576
145577
145592
145591
145590
145589
145588
145606
145608
145606
145608
145607
145613
145612
145633
145632
145631
145630
145629
145628
145627
145626
145625
145624
145703
145702
145701
145700
145699
145697
145696
145695
145694
145729
145728
145727
145726
145725
145726
145725
145724
145723
145722
145720
145719
145732
145743
145898
145897
145896
145895
145936
145935
145934
145946
145945
145944
145943
145942
145940
145938
145937
145979
145978
145976
145975
145974
145975
145974
145972
145971
146076
146075
146074
146073
146071
146070
146069
146068
146067
146105
146104
146103
146101
146100
146099
146098
146097
146096
146095
146202
146201
146200
146199
146198
146197